Mean & Standard Deviation
LR: 0.9405797101449276 (0.042947919540461746)
LDA: 0.9539613526570048 (0.03140471921087428)
KNN: 0.9405314009661836 (0.03421671300483557)
CART: 0.907584541062802 (0.02780448201792631)
NB: 0.9341545893719807 (0.029102060351187686)
SVM: 0.6265700483091787 (0.09485295345460443)